>> num = [ 10 ];
den = [ 1 8 21 18 0 ];
>> [c,p,k] = residue (num,den)
c =

    4.4444
    3.3333
   -5.0000
    0.5556

p =

   -3.0000
   -3.0000
   -2.0000
         0

k =

     []

>> [num,den] = residue (c,p,k)
num =

   -0.0000   -0.0000   -0.0000   10.0000

den =

    1.0000    8.0000   21.0000   18.0000         0

>> printsys (num,den)
num/den = 
 
   -9.1038e-15 s^3 - 4.2633e-14 s^2 - 4.7962e-14 s + 10
   ----------------------------------------------------
                s^4 + 8 s^3 + 21 s^2 + 18 s
